Patents
MathWorks products are covered by one or more patents. 

MATLAB(R), MATLAB(R) Compiler(TM), and other MATLAB family products
U.S. Patent Nos. 6,857,118; 6,973,644; 6,993,772; 7,010,364; 7,051,333; 7,051,338; 7,096,154; 7,139,686; 7,165,253; 7,170,433; 7,181,745; 7,228,239; 7,231,631; 7,237,237; 7,296,054; 7,319,941; 7,340,441; 7,353,502; 7,359,805; 7,365,311; 7,369,070; 7,369,127; 7,400,997; 7,420,486; 7,428,737; 7,454,659; 7,454,746; 7,460,123; 7,500,220; 7,502,031; 7,502,745; 7,523,023; 7,523,440; 7,529,652; 7,542,888; 7,543,270; 7,558,712; 7,584,452; 7,605,814; 7,606,780; 7,606,833; 7,609,192; 7,610,578; 7,613,852; 7,624,372; 7,631,168; 7,634,530; 7,636,887; 7,636,914; 7,640,154; 7,647,213; 7,660,773; 7,664,720; 7,672,792; 7,672,910; 7,673,289; 7,680,637; 7,685,596; 7,690,004; 7,725,679; 7,725,883; 7,725,904; 7,730,166; 7,738,978; 7,739,283; 7,739,676; 7,743,087; 7,752,005; 7,752,138; 7,752,601; 7,752,636; D613299

International Patent Nos. Singapore 125712; Singapore 126195

Simulink(R), Real-Time Workshop(R), and other Simulink family products
U.S. Patent Nos. 5,133,045; 5,612,866; 6,868,526; 7,010,744; 7,020,850; 7,089,223; 7,139,686; 7,139,687; 7,167,817; 7,170,433; 7,178,112; 7,237,237; 7,246,056; 7,275,026; 7,292,964; 7,296,054; 7,313,449; 7,319,941; 7,324,931; 7,337,102; 7,337,430; 7,350,172; 7,350,189; 7,353,146; 7,367,012; 7,369,070; 7,369,977; 7,398,192; 7,412,366; 7,412,367; 7,420,486; 7,420,573; 7,424,410; 7,424,684; 7,433,808; 7,433,812; 7,460,984; 7,464,373; 7,472,103; 7,478,016; 7,487,071; 7,487,076; 7,487,077; 7,487,080; 7,490,032; 7,493,619; 7,496,895; 7,500,209; 7,500,220; 7,502,031; 7,503,027; 7,509,244; 7,512,613; 7,519,516; 7,519,523; 7,523,023; 7,523,440; 7,523,443; 7,539,604; 7,542,888; 7,542,892; 7,543,184; 7,543,270; 7,555,731; 7,558,710; 7,558,712; 7,558,721; 7,567,890; 7,574,336; 7,580,962; 7,584,082; 7,584,465; 7,599,823; 7,605,814; 7,609,192; 7,610,256; 7,610,578; 7,613,589; 7,613,595; 7,613,716; 7,613,852; 7,624,000; 7,636,887; 7,640,154; 7,643,973; 7,665,025; 7,672,820; 7,680,632; 7,680,636; 7,680,637; 7,681,151; 7,689,389; 7,689,969; 7,689,970; 7,716,032; 7,720,656; 7,720,657; 7,720,662; 7,729,894; 7,734,455; 7,739,081; 7,739,655; 7,742,903; 7,743,361; 7,752,559

International Patent Nos. Singapore 125712; Singapore 126195

Other US and international patents pending.

See www.mathworks.com/patents for the most recent list of patents.
